spawns: 
  default: 
    world: RedStorm
    x: -233.62764783045856
    y: 65.0
    z: -154.38397544356482
    yaw: -269.39987
    pitch: 8.549964
